
% Primero, unas pruebas no contrastadas del potencial

R =  [1, -1, 0];
v = [0.4, 0, 0];
% V = 0.7071
% A = 1.7678    0.6414         0


R =  [-1, 0, 1];
v = [-0.4, 0, 0];
% V = 0.7071
% A = -1.7678         0   -0.6414


R =  [-1, 0, 1];
v = [0.4, 0, 0];
% V = 0.7071
% A = 1.7678         0   -0.3586



R =  [-3, -1, 1.4];
v = [0.21, 0, 0.2];
% V = 0.2892
% A = 0.8818    0.0752    0.5199

% Como son no constrastadas mejor no materse mucho...
% [V, A] = PotencialPratiano(R, v)







